# Undirected graph: connectivity_graph.txt
# Authored by 15806, a IN4200 student. The connectivity-graph file is generated randomly based on the number of nodes and the number of edges. 
# Nodes: 50 Edges: 250
# FromNodeId ToNodeId
42  19
39  45
9  16
38  13
27  23
31  18
25  47
45  31
35  7
30  0
12  6
40  7
20  6
5  49
10  25
41  30
14  31
26  24
48  14
38  26
38  20
44  14
17  40
45  3
47  26
4  9
33  44
17  3
1  22
3  11
48  45
42  13
26  18
38  25
33  26
1  21
46  36
14  36
31  17
34  8
22  44
41  16
11  44
17  34
47  29
32  42
21  46
19  40
34  45
24  10
47  46
7  44
32  21
30  14
39  15
22  11
9  13
27  20
8  45
5  6
24  38
49  46
34  19
37  18
14  11
29  12
7  36
6  39
8  37
3  47
2  26
8  12
39  36
32  48
31  37
4  6
26  3
3  10
23  40
28  37
2  7
49  10
44  6
49  2
43  3
0  46
29  9
8  19
45  40
17  27
28  22
34  4
26  37
15  49
28  43
1  37
41  46
43  41
48  37
45  49
33  24
8  41
44  3
32  12
31  11
35  15
16  11
3  31
11  32
25  48
14  27
35  5
23  29
47  22
16  42
21  0
17  29
41  11
24  15
35  9
31  2
20  34
33  31
17  9
30  31
36  16
37  10
46  34
26  4
13  43
5  18
28  29
33  14
38  14
49  0
9  21
47  45
38  34
6  34
19  38
43  10
39  27
14  45
45  43
24  28
8  13
43  24
23  42
24  14
9  34
36  6
30  24
41  36
8  11
24  6
6  18
16  46
41  40
24  16
19  32
30  12
7  3
5  32
18  14
16  4
29  13
32  38
24  7
44  31
27  21
41  19
12  16
36  31
49  16
20  0
39  38
14  5
43  36
2  22
49  35
10  23
43  4
4  19
15  32
40  6
39  34
22  5
26  29
18  15
44  23
8  30
26  30
29  11
41  3
4  46
8  24
14  17
43  17
40  32
1  12
38  31
41  15
11  9
30  5
33  39
35  10
20  15
21  11
19  26
7  27
0  19
19  15
36  13
32  27
40  34
0  26
42  30
32  25
20  18
35  40
33  7
1  3
30  35
28  0
0  15
13  32
42  9
17  33
43  32
15  44
9  7
25  41
33  45
9  19
35  43
27  36
46  11
46  27
46  24
39  40
29  32
16  43
29  31
37  38
39  13
30  23
8  39
43  33
20  30
26  7
